28 5
3 14 12 16 13 27 20 8 1 10 24 11 5 9 7 18 17 23 22 25 28 19 4 21 26 6 15 2
7 12 23 27 22 26 16 18 19 5 6 9 11 28 25 4 10 3 1 14 8 17 15 2 20 13 24 21
21 20 2 5 19 15 12 4 18 9 23 16 11 14 8 6 25 27 13 17 10 26 7 24 28 1 3 22
12 2 23 11 20 18 25 21 13 27 14 8 4 6 9 16 7 3 10 1 22 15 26 19 5 17 28 24
13 2 6 19 22 23 4 1 28 10 18 17 21 8 9 3 26 11 12 27 14 20 24 25 15 5 16 7
/= 3 (12 27 24)

37 3
6 3 19 20 15 4 1 35 8 24 12 21 34 26 18 14 23 33 28 9 36 11 37 31 25 32 29 22 13 27 16 17 10 7 5 30 2
10 3 35 17 34 21 14 8 26 28 11 19 27 7 4 23 24 22 12 13 16 1 25 29 5 31 30 20 32 18 15 9 2 36 37 33 6
19 9 22 32 26 35 29 23 5 6 14 34 33 10 2 28 15 11 24 4 13 7 8 31 37 36 1 27 3 16 30 25 20 21 18 17 12
/= 7


4 3
1 4 2 3
4 1 2 3
1 2 4 3
/= 3 (1 2 3)

6 3
2 5 1 4 6 3
5 1 4 3 2 6
5 4 2 6 3 1
/= 3 (5 4 6 | 5 4 3)

5 3
1 2 3 5 4
1 3 5 2 4
1 2 0 0 0
/= 2 (1 2)


10 3
1 2 3 4 5 6 7 8 9 10
1 2 3 4 0 0 7 8 9 10
0 0 0 0 5 6 7 8 9 10

1 2
1
1

1 5
1
1
1
1
1
